st coed qnt ed
13318094825 EMU001 30 13318094904
13318094904 EMU002 30 13318094943
13318094943 EMU003 30 13318095022
13318095022 EMU004 15 13318095117
13318095117 ERU001 30 13318095154
13318153857 EMU001 30 13318153936
13318153936 EMU002 30 13318154015
13318154015 EMU003 30 13318154053
13318154053 EMU004 15 13318154148
13318154148 ERU001 30 13318154225
13318154421 NRC001 08 13318154504
13318154504 NRC002 08 13318154547
13318154547 NFC001 20 13318154618
13318154618 NFC002 20 13318154649
13318154649 NFC003 20 13318154720
13318154720 NFC004 20 13318154751
13318154751 NFC005 20 13318154822
13318154822 NFC006 20 13318154853
13318154853 CFC001 30 13318154934
13318164820 LFC005 30 13318164901
13318164901 LFC006 30 13318164942
13318164942 LFC008 30 13318165023
13318165023 LFC009 30 13318165105
13318165105 CFC001 30 13318165146
13318165146 BFC001 10 13318165228
13318165228 SHC001 10 13318165311
13318231958 CAU011 08 13318232025
13318232031 CAU011 08 13318232058
13318232110 CAU012 08 13318232137
13318232143 CAU012 08 13318232210
13318232222 CAU001 08 13318232312
13318232319 CAU001 08 13318232409
13319003414 AFU001 20 13319003444
13319003450 BFU001 20 13319003521
13319003521 YFU001 06 13319003632
13319003638 LFC005 30 13319003720
13319003720 LFC006 30 13319003801
13319003801 LFU007 30 13319003840
13319003847 LFU003 30 13319003925
13319003925 LFU004 30 13319004003
13319004003 WFU001 30 13319004045
13319004045 WFU002 30 13319004126
13319074415 YIU002 06 13319074554
13319074554 FMU001 10 13319074623
13319074623 FMU002 05 13319074653
13319074653 FMU003 05 13319074722
13319074722 FAU001 10 13319074800
13319074800 HAU001 20 13319074831
13319074831 AMU001 05 13319074911
13319074911 ARU001 05 13319074942
13319074942 LFU001 20 13319075010
13319075010 LFU002 20 13319075038
13319075038 UFU001 20 13319075106
13319075106 UFU002 20 13319075135
13319075135 LFU003 20 13319075203
13319075203 LFU004 20 13319075231
13319075238 LFU008 10 13319075317
13319075317 CFC001 20 13319075348
13319075354 AFU001 20 13319075424
13319075424 BFU001 20 13319075455
13320093402 LFC005 30 13320093443
13320093443 LFC006 30 13320093524
13320093524 LFC008 30 13320093605
13320093605 LFC009 30 13320093647
13320093647 CFC001 30 13320093728
13320093728 BFC001 10 13320093810
13320093810 SHC001 10 13320093853
13320162725 NRC001 08 13320162808
13320162808 NRC002 08 13320162850
13320162850 NFC001 20 13320162921
13320162921 NFC002 20 13320162952
13320162952 NFC003 20 13320163023
13320163023 NFC004 20 13320163053
13320163053 NFC005 20 13320163124
13320163124 NFC006 20 13320163155
13320163155 CFC001 30 13320163236
13320211046 CAU002 06 13320211136
13320211147 CAU002 06 13320211237
13320211248 CAU002 04 13320211328
13320213019 CAU011 08 13320213046
13320213053 CAU011 08 13320213120
13320213131 CAU012 08 13320213158
13320213205 CAU012 08 13320213232
13320213243 CAU001 10 13320213342
13320214911 LFC005 30 13320214952
13320214952 LFC006 30 13320215032
13320215032 LFC008 30 13320215114
13320215114 LFC009 30 13320215155
13320215155 CFC001 30 13320215236
13320215236 BFC001 10 13320215319
13320215319 SHC001 10 13320215401
13320230106 CAU002 06 13320230155
13320230207 CAU002 06 13320230256
13320230308 CAU002 04 13320230348
13321105251 WMP001 60 13321105404
13321105404 WFU001 30 13321105445
13321105445 WFU002 30 13321105524
13321105524 WMP001 30 13321105602
13321105602 WFU003 30 13321105642
13321105642 WFU004 30 13321105723
13321105723 WMP001 30 13321105801
13321105801 LFU003 30 13321105845
13321105845 LFU004 30 13321105930
13321105930 WMP001 60 13321110037
13321110936 NRC001 08 13321111019
13321111019 NRC002 08 13321111101
13321111101 NFC001 20 13321111133
13321111133 NFC002 20 13321111202
13321111202 NFC003 20 13321111231
13321111231 NFC004 20 13321111301
13321111301 NFC005 20 13321111330
13321111330 NFC006 20 13321111400
13321111400 CFC001 30 13321111441
13321140043 WMP001 60 13321140156
13321140156 WFU001 30 13321140237
13321140237 WFU002 30 13321140316
13321140316 WMP001 30 13321140355
13321140355 WFU003 30 13321140436
13321140436 WFU004 30 13321140517
13321140517 WMP001 30 13321140556
13321140556 LFU003 30 13321140640
13321140640 LFU004 30 13321140724
13321140724 WMP001 60 13321140833
13321163737 CAU011 08 13321163803
13321163810 CAU011 08 13321163836
13321163847 CAU012 08 13321163914
13321163920 CAU012 08 13321163946
13321163958 CAU001 10 13321164056
13321164130 CAU002 06 13321164219
13321164231 CAU002 06 13321164309
13321164321 CAU002 04 13321164350
13321165146 LCU004 20 13321165343
13321165350 LCU004 20 13321165547
13321165554 LCU004 20 13321165751
13321193407 CAU002 06 13321193457
13321193508 CAU002 06 13321193547
13321193558 CAU002 04 13321193627
13323081500 YIU002 06 13323081640
13323081640 FMU001 10 13323081709
13323081709 FMU002 05 13323081739
13323081739 FMU003 05 13323081808
13323081808 FAU001 10 13323081847
13323081847 HAU001 20 13323081917
13323081917 AMU001 05 13323081957
13323081957 ARU001 05 13323082028
13323082028 LFU001 20 13323082057
13323082057 LFU002 20 13323082125
13323082125 UFU001 20 13323082154
13323082154 UFU002 20 13323082223
13323082223 LFU003 20 13323082258
13323082258 LFU004 20 13323082333
13323082339 LFU008 10 13323082419
13323082419 CFC001 20 13323082451
13323082457 AFU001 20 13323082527
13323082527 BFU001 20 13323082557
13325163930 WMP001 60 13325164044
13325164044 WFU001 30 13325164125
13325164125 WFU002 30 13325164206
13325164206 WMP001 30 13325164246
13325164246 WFU003 30 13325164327
13325164327 WFU004 30 13325164408
13325164408 WMP001 30 13325164447
13325164447 LFU003 30 13325164532
13325164532 LFU004 30 13325164616
13325164616 WMP001 60 13325164726
13325164806 EMU001 30 13325164846
13325164846 EMU002 30 13325164925
13325164925 EMU003 30 13325165005
13325165005 EMU004 15 13325165100
13325165100 ERU001 30 13325165138
13325165447 LCU004 15 13325165604
13325165610 LCU004 15 13325165719
13325165725 LCU004 15 13325165834
13325170059 CAU011 08 13325170126
13325170133 CAU011 08 13325170158
13325170210 CAU012 08 13325170237
13325170243 CAU012 08 13325170309
13325170321 CAU001 10 13325170419
13325170446 CAU002 06 13325170535
13325170547 CAU002 06 13325170625
13325170637 CAU002 04 13325170706
13326144500 NRC001 08 13326144544
13326144544 NRC002 08 13326144627
13326144627 NFC001 20 13326144659
13326144659 NFC002 20 13326144730
13326144730 NFC003 20 13326144802
13326144802 NFC004 20 13326144834
13326144834 NFC005 20 13326144905
13326144905 NFC006 20 13326144937
13326144937 CFC001 30 13326145019
13326150717 LFC005 30 13326150758
13326150758 LFC006 30 13326150840
13326150840 LFC008 30 13326150922
13326150922 LFC009 30 13326151004
13326151004 CFC001 30 13326151046
13326151046 BFC001 10 13326151129
13326151129 SHC001 10 13326151212
13326175026 CAU011 08 13326175053
13326175100 CAU011 08 13326175125
13326175137 CAU012 08 13326175204
13326175211 CAU012 08 13326175236
13326175248 CAU001 10 13326175346
13326175410 CAU002 06 13326175459
13326175511 CAU002 06 13326175550
13326175601 CAU002 04 13326175630
13326175729 LCU004 15 13326175846
13326175853 LCU004 15 13326180002
13326180008 LCU004 15 13326180117
13327210219 CAU011 08 13327210246
13327210253 CAU011 08 13327210318
13327210330 CAU012 08 13327210357
13327210403 CAU012 08 13327210429
13327210441 CAU001 10 13327210539
13327210632 CAU002 06 13327210722
13327210733 CAU002 06 13327210812
13327210823 CAU002 04 13327210852
13329210856 CAU011 08 13329210923
13329210930 CAU011 08 13329210955
13329211007 CAU012 08 13329211034
13329211040 CAU012 08 13329211106
13329211118 CAU001 10 13329211216
13329211318 CAU002 06 13329211407
13329211419 CAU002 06 13329211457
13329211509 CAU002 04 13329211538
13331215558 LCU004 15 13331215715
13331215721 LCU004 15 13331215830
13331215836 LCU004 15 13331215945
13331220029 CAU011 08 13331220056
13331220103 CAU011 08 13331220128
13331220140 CAU012 08 13331220207
13331220213 CAU012 08 13331220239
13331220251 CAU001 10 13331220349
13331220423 CAU002 06 13331220513
13331220524 CAU002 06 13331220603
13331220614 CAU002 04 13331220643
13332164241 LCU004 15 13332164358
13332164405 LCU004 15 13332164513
13332164520 LCU004 15 13332164628
13332171432 CAU011 08 13332171459
13332171506 CAU011 08 13332171531
13332171543 CAU012 08 13332171610
13332171617 CAU012 08 13332171642
13332171654 CAU001 10 13332171752
13332234158 AFU001 20 13332234227
13332234234 BFU001 20 13332234304
13332234304 YFU001 06 13332234415
13332234421 LFC005 30 13332234503
13332234503 LFC006 30 13332234545
13332234545 LFU007 30 13332234624
13332234630 LFU003 30 13332234715
13332234715 LFU004 30 13332234800
13332234800 WFU001 30 13332234841
13332234841 WFU002 30 13332234922
13346144647 CAU011 08 13346144714
13346144720 CAU011 08 13346144746
13346144757 CAU012 08 13346144824
13346144831 CAU012 08 13346144857
13346144908 CAU001 10 13346145007
13346150252 LCU004 15 13346150409
13346150416 LCU004 15 13346150524
13346150531 LCU004 15 13346150640
13351192231 CAU011 08 13351192258
13351192305 CAU011 08 13351192330
13351192342 CAU012 08 13351192409
13351192416 CAU012 08 13351192441
13351192453 CAU001 10 13351192551
13351192633 CAU002 06 13351192722
13351192734 CAU002 06 13351192812
13351192824 CAU002 04 13351192853
13351210838 LCU004 15 13351210955
13351211001 LCU004 15 13351211110
13351211117 LCU004 15 13351211225
13356145216 LCU007 30 13356145404
13356145420 LCU007 30 13356145559
13356145615 LCU007 30 13356145753
13359152002 LCU007 30 13359152150
13359152207 LCU007 30 13359152346
13359152402 LCU007 30 13359152541
13366093906 LCU007 30 13366094124
13366094140 LCU007 30 13366094348
13366094405 LCU007 30 13366094613
13366163430 CAU011 08 13366163457
13366163504 CAU011 08 13366163530
13366163541 CAU012 08 13366163608
13366163615 CAU012 08 13366163641
13366163652 CAU001 10 13366163750
13366164123 LCU007 30 13366164341
13366164357 LCU007 30 13366164606
13366164622 LCU007 30 13366164830
13366164830 LFU003 30 13366164915
13366164915 LFU004 30 13366164959
13366165314 LFC005 30 13366165356
13366165356 LFC006 30 13366165437
13366165437 LFC008 30 13366165520
13366165520 LFC009 30 13366165602
13366165602 CFC001 30 13366165644
13366165644 BFC001 10 13366165727
13366165727 SHC001 10 13366165810
13367200428 CAU011 08 13367200455
13367200502 CAU011 08 13367200527
13367200539 CAU012 08 13367200606
13367200613 CAU012 08 13367200638
13367200650 CAU001 10 13367200748
13367200836 LCU007 30 13367201053
13367201110 LCU007 30 13367201318
13367201335 LCU007 30 13367201543
13367201543 LFU003 30 13367201628
13367201628 LFU004 30 13367201712
13367201810 LCU004 15 13367201927
13367201933 LCU004 15 13367202042
13367202049 LCU004 15 13367202157
13367202204 LFU003 30 13367202248
13367202248 LFU004 30 13367202333
13368163604 LCU007 30 13368163822
13368163838 LCU007 30 13368164046
13368164103 LCU007 30 13368164311
13368164311 LFU003 30 13368164356
13368164356 LFU004 30 13368164440
13380172921 LCU007 30 13380173139
13380173155 LCU007 30 13380173403
13380173420 LCU007 30 13380173628
13380173628 LFU003 30 13380173713
13380173713 LFU004 30 13380173758
13396143619 WMP001 60 13396143733
13396143733 WFU001 30 13396143815
13396143815 WFU002 30 13396143856
13396143856 WMP001 30 13396143935
13396143935 WFU003 30 13396144016
13396144016 WFU004 30 13396144058
13396144058 WMP001 30 13396144137
13396144137 LFU003 30 13396144221
13396144221 LFU004 30 13396144306
13396144306 WMP001 60 13396144415
13439204128 LCU004 15 13439204245
13439204252 LCU004 15 13439204400
13439204407 LCU004 15 13439204516
13439204522 LFU003 30 13439204607
13439204607 LFU004 30 13439204651
13439204807 WMP001 60 13439204922
13439204922 WFU001 30 13439205003
13439205003 WFU002 30 13439205044
13439205044 WMP001 30 13439205123
13439205123 WFU003 30 13439205205
13439205205 WFU004 30 13439205246
13439205246 WMP001 30 13439205325
13439205325 LFU003 30 13439205410
13439205410 LFU004 30 13439205454
13439205454 WMP001 60 13439205603
13443222910 LCU007 30 13443223128
13443223145 LCU007 30 13443223353
13443223409 LCU007 30 13443223618
13443223618 LFU003 30 13443223702
13443223702 LFU004 30 13443223747
13444143014 EMU001 30 13444143053
13444143053 EMU002 30 13444143133
13444143133 EMU003 30 13444143212
13444143212 EMU004 15 13444143308
13444143308 ERU001 30 13444143345
13444160627 LCU007 20 13444160804
13444160821 LCU007 20 13444160949
13444161005 LCU007 20 13444161134
13444161134 LFU003 30 13444161218
13444161218 LFU004 30 13444161303
13447113029 EMU001 30 13447113108
13447113108 EMU002 30 13447113148
13447113148 EMU003 30 13447113228
13447113228 EMU004 15 13447113323
13447113323 ERU001 30 13447113401
13449172038 LCU004 15 13449172155
13449172202 LCU004 15 13449172310
13449172317 LCU004 15 13449172426
13449172432 LFU003 30 13449172517
13449172517 LFU004 30 13449172601
13450094707 WMP001 60 13450094821
13450094821 WFU001 30 13450094902
13450094902 WFU002 30 13450094944
13450094944 WMP001 30 13450095023
13450095023 WFU003 30 13450095104
13450095104 WFU004 30 13450095146
13450095146 WMP001 30 13450095225
13450095225 LFU003 30 13450095310
13450095310 LFU004 30 13450095354
13450095354 WMP001 60 13450095503
13450171904 LCU004 15 13450172021
13450172027 LCU004 15 13450172136
13450172143 LCU004 15 13450172251
13450172258 LFU003 30 13450172342
13450172342 LFU004 30 13450172427
13450172552 LCU007 20 13450172730
13450172747 LCU007 20 13450172915
13450172931 LCU007 20 13450173100
13450173100 LFU003 30 13450173144
13450173144 LFU004 30 13450173229
13450173453 YDU001 30 13450173533
13450173545 LCU003 30 13450173623
13450173634 CCU001 10 13450173740
13450173746 ACU001 15 13450173825
13450173837 LCC001 15 13450173918
13450173918 LBU002 15 13450174001
13450174012 UBU001 15 13450174052
13450174104 YCU001 30 13450174144
13450174155 LCU002 30 13450174235
13450174247 LCU001 15 13450174332
13450174343 CCU002 10 13450174423
13450174435 WCU001 30 13450174513
13450174513 WCU002 30 13450174552
13460175241 LCU004 15 13460175358
13460175405 LCU004 15 13460175513
13460175520 LCU004 15 13460175629
13460175635 LFU003 30 13460175720
13460175720 LFU004 30 13460175804
13460180112 LCU007 20 13460180250
13460180307 LCU007 20 13460180435
13460180451 LCU007 20 13460180620
13460180620 LFU003 30 13460180704
13460180704 LFU004 30 13460180749
13464150613 WMP001 60 13464150727
13464150727 WFU001 30 13464150808
13464150808 WFU002 30 13464150850
13464150850 WMP001 30 13464150929
13464150929 WFU003 30 13464151010
13464151010 WFU004 30 13464151052
13464151052 WMP001 30 13464151131
13464151131 LFU003 30 13464151215
13464151215 LFU004 30 13464151300
13464151300 WMP001 60 13464151409
13468162135 LCU004 15 13468162252
13468162259 LCU004 15 13468162407
13468162414 LCU004 15 13468162522
13468162529 LFU003 30 13468162613
13468162613 LFU004 30 13468162658
13481083803 YIU002 06 13481083942
13481083942 FMU001 10 13481084012
13481084012 FMU002 05 13481084041
13481084041 FMU003 05 13481084111
13481084111 FAU001 10 13481084153
13481084153 HAU001 20 13481084223
13481084223 AMU001 05 13481084303
13481084303 ARU001 05 13481084334
13481084334 LFU001 20 13481084403
13481084403 LFU002 20 13481084432
13481084432 UFU001 20 13481084501
13481084501 UFU002 20 13481084530
13481084530 LFU003 20 13481084605
13481084605 LFU004 20 13481084639
13481084646 LFU008 10 13481084725
13481084725 CFC001 20 13481084757
13481084804 AFU001 20 13481084834
13481084834 BFU001 20 13481084904
13482180605 LCU004 15 13482180722
13482180729 LCU004 15 13482180837
13482180844 LCU004 15 13482180952
13482180959 LFU003 30 13482181043
13482181043 LFU004 30 13482181128
13489103159 EMU001 30 13489103239
13489103239 EMU002 30 13489103318
13489103318 EMU003 30 13489103358
13489103358 EMU004 15 13489103453
13489103453 ERU001 30 13489103531
13489141724 NFU001 30 13489141807
13489141807 CFU001 60 13489141921
13489141921 CFU002 60 13489142034
13489142034 UFU003 30 13489142118
13489142118 UFU004 30 13489142201
13489142201 BFU001 60 13489142317
13489142317 WFU005 30 13489142403
13489142403 WFU006 30 13489142449
13489142449 BFU002 60 13489142607
13489142607 LFU003 60 13489142722
13489142722 LFU004 60 13489142837
13489142837 NFC001 30 13489142922
13489142922 NFC002 30 13489143007
13489143007 LFC005 30 13489143049
13489143049 LFC006 30 13489143131
13489143131 AFM001 60 13489143241
13489143241 BFM001 60 13489143358
13489143358 LFM001 60 13489143516
13489143516 LFM009 60 13489143836
13489143836 LFM003 30 13489143920
13489143920 LFM004 30 13489144004
13489144004 LFM005 60 13489144118
13489144118 LFM007 30 13489144205
13489144205 LFM008 30 13489144251
13492080426 YIU002 06 13492080606
13492080606 FMU001 10 13492080635
13492080635 FMU002 05 13492080705
13492080705 FMU003 05 13492080734
13492080734 FAU001 10 13492080813
13492080813 HAU001 20 13492080843
13492080843 AMU001 05 13492080923
13492080923 ARU001 05 13492080954
13492080954 LFU001 20 13492081023
13492081023 LFU002 20 13492081051
13492081051 UFU001 20 13492081120
13492081120 UFU002 20 13492081149
13492081149 LFU003 20 13492081224
13492081224 LFU004 20 13492081259
13492081305 LFM009 10 13492081355
13492081355 CFC001 20 13492081427
13492081434 AFM001 20 13492081504
13492081504 BFM001 20 13492081541
13492155322 YDU001 30 13492155403
13492155414 LCU003 30 13492155452
13492155504 CCU001 10 13492155609
13492155616 ACU001 15 13492155655
13492155706 LCC001 15 13492155748
13492155748 LBU002 15 13492155831
13492155842 UBU001 15 13492155922
13492155933 YCU001 30 13492160013
13492160025 LCU002 30 13492160105
13492160116 LCU001 15 13492160202
13492160213 CCU002 10 13492160253
13492160304 WCU001 30 13492160343
13492160343 WCU002 30 13492160421
13494175010 LAU002 30 13494175128
13494175159 LAU003 30 13494175316
13494175347 YCU002 30 13494175504
13494175535 YCU003 60 13494175650
13494175722 YCU004 60 13494175837
13494175909 LCU008 30 13494180024
13494180056 LCU009 30 13494180210
13494180210 LFU009 30 13494180257
13494180257 LFU010 30 13494180343
13494180343 LFC001 30 13494180423
13494180423 LFC002 30 13494180503
13494180503 LFU011 30 13494180542
13497232626 UAU001 10 13497232709
13497232709 UAU002 10 13497232753
13497232753 LFU005 10 13497232836
13497232836 YDU001 30 13497232917
13497232928 LCU003 30 13497233006
13497233018 CCU001 10 13497233123
13497233130 ACU001 15 13497233209
13497233220 LCC001 15 13497233302
13497233302 LBU002 15 13497233344
13497233356 UBU001 15 13497233436
13497233447 YCU001 30 13497233527
13497233539 LCU002 30 13497233619
13497233631 LCU001 15 13497233716
13497233728 CCU002 10 13497233808
13497233819 WCU001 30 13497233858
13497233858 WCU002 30 13497233936
13501195648 UAU001 10 13501195732
13501195732 UAU002 10 13501195816
13501195816 LFU005 10 13501195859
13501195859 YDU001 30 13501195939
13501195951 LCU003 30 13501200029
13501200040 CCU001 10 13501200146
13501200152 ACU001 15 13501200231
13501200243 LCC001 15 13501200324
13501200324 LBU002 15 13501200407
13501200418 UBU001 15 13501200458
13501200510 YCU001 30 13501200550
13501200601 LCU002 30 13501200642
13501200653 LCU001 15 13501200739
13501200750 CCU002 10 13501200830
13501200841 WCU001 30 13501200920
13501200920 WCU002 30 13501200958
13556173738 UAU001 10 13556173822
13556173822 UAU002 10 13556173906
13556173906 LFU005 10 13556173949
13556173949 YDU001 30 13556174029
13556174041 LCU003 30 13556174119
13556174130 CCU001 10 13556174236
13556174242 ACU001 15 13556174321
13556174333 LCC001 15 13556174414
13556174414 LBU002 15 13556174457
13556174508 UBU001 15 13556174548
13556174600 YCU001 30 13556174640
13556174651 LCU002 30 13556174732
13556174743 LCU001 15 13556174828
13556174840 CCU002 10 13556174920
13556174931 WCU001 30 13556175010
13556175010 WCU002 30 13556175048
13557085644 NFT001 30 13557085801
13557085801 YFU002 30 13557085949
13557085949 UFU005 15 13557090106
13557090106 UFU006 15 13557090222
13557090222 YFU001 06 13557090336
13557090336 WFU007 30 13557090423
13557090423 WFU008 30 13557090511
13557204623 LAU002 30 13557204740
13557204811 LAU003 30 13557204928
13557204959 YCU002 30 13557205116
13557205148 YCU003 60 13557205303
13557205334 YCU004 60 13557205450
13557205521 LCU008 30 13557205637
13557205709 LCU009 30 13557205823
13557205823 LFU009 30 13557205909
13557205909 LFU010 30 13557205956
13557205956 LFC001 30 13557210036
13557210036 LFC002 30 13557210116
13557210116 LFU011 30 13557210155
13568161521 NFU001 30 13568161602
13568161602 CFU001 30 13568161644
13568161644 CFU002 30 13568161725
13568161725 UFU003 30 13568161807
13568161807 UFU004 30 13568161849
13568161849 BFU001 30 13568161932
13568161932 WFU005 30 13568162016
13568162016 WFU006 30 13568162059
13568162059 BFU002 30 13568162145
13568162145 NFC001 30 13568162228
13568162228 NFC002 30 13568162311
13568162311 LFC005 30 13568162351
13568162351 LFC006 30 13568162432
13568162432 LFM003 30 13568162513
13568162513 LFM004 30 13568162555
13568162555 LFU003 30 13568162638
13568162638 LFU004 30 13568162720
13568162720 LFM007 30 13568162804
13568162804 LFM008 30 13568162848
13568162848 LFM001 30 13568162933
13568162933 LFM009 20 13568163050
13568163050 LFM005 60 13568163203
13568163203 AFM001 60 13568163313
13568163313 BFM001 60 13568163428
13568163628 NFT001 30 13568163742
13568163742 YFU002 30 13568163927
13568163927 UFU005 15 13568164041
13568164041 UFU006 15 13568164154
13568164154 YFU001 06 13568164306
13568164306 WFU007 30 13568164351
13568164351 WFU008 30 13568164436
13569101502 NFT001 30 13569101616
13569101616 YFU002 30 13569101802
13569101802 UFU005 15 13569101915
13569101915 UFU006 15 13569102029
13569102029 YFU001 06 13569102140
13569102140 WFU007 30 13569102225
13569102225 WFU008 30 13569102310
13569134416 CAU002 06 13569134502
13569134513 CAU002 06 13569134550
13569134602 CAU002 04 13569134629
13570094737 NFT001 30 13570094851
13570094851 YFU002 30 13570095036
13570095036 UFU005 15 13570095150
13570095150 UFU006 15 13570095303
13570095303 YFU001 06 13570095415
13570095415 WFU007 30 13570095500
13570095500 WFU008 30 13570095545
13570213423 UAU001 10 13570213505
13570213505 UAU002 10 13570213546
13570213546 LFU005 10 13570213627
13570213627 YDU001 30 13570213706
13570213717 LCU003 30 13570213755
13570213806 CCU001 10 13570213909
13570213915 ACU001 15 13570213953
13570214004 LCC001 15 13570214044
13570214044 LBU002 15 13570214125
13570214136 UBU001 15 13570214214
13570214226 YCU001 30 13570214305
13570214316 LCU002 30 13570214355
13570214406 LCU001 15 13570214449
13570214501 CCU002 10 13570214539
13570214550 WCU001 30 13570214628
13570214628 WCU002 30 13570214706
13571090854 NFT001 30 13571091008
13571091008 YFU002 30 13571091154
13571091154 UFU005 15 13571091307
13571091307 UFU006 15 13571091421
13571091421 YFU001 04 13571091532
13571091532 WFU007 30 13571091617
13571091617 WFU008 30 13571091702
13571105026 WMP001 60 13571105139
13571105139 WFU001 30 13571105219
13571105219 WFU002 30 13571105259
13571105259 WMP001 30 13571105337
13571105337 WFU003 30 13571105417
13571105417 WFU004 30 13571105457
13571105457 WMP001 30 13571105535
13571105535 LFU003 30 13571105618
13571105618 LFU004 30 13571105700
13571105700 WMP001 60 13571105809
13572155908 CAU011 08 13572155933
13572155940 CAU011 08 13572160004
13572160015 CAU012 08 13572160040
13572160046 CAU012 08 13572160111
13572160122 CAU001 10 13572160217
13572173016 LAU002 30 13572173131
13572173202 LAU003 30 13572173316
13572173347 YCU002 30 13572173501
13572173532 YCU003 60 13572173646
13572173718 YCU004 60 13572173832
13572173903 LCU008 30 13572174016
13572174048 LCU009 30 13572174200
13572174200 LFU009 30 13572174244
13572174244 LFU010 30 13572174328
13572174328 LFC001 30 13572174407
13572174407 LFC002 30 13572174446
13572174446 LFU011 30 13572174524
13574190818 UAU001 10 13574190859
13574190859 UAU002 10 13574190940
13574190940 LFU005 10 13574191021
13574191021 YDU001 30 13574191100
13574191112 LCU003 30 13574191149
13574191200 CCU001 10 13574191303
13574191309 ACU001 15 13574191346
13574191358 LCC001 15 13574191438
13574191438 LBU002 15 13574191518
13574191529 UBU001 15 13574191607
13574191619 YCU001 30 13574191657
13574191709 LCU002 30 13574191748
13574191759 LCU001 15 13574191842
13574191853 CCU002 10 13574191931
13574191942 WCU001 30 13574192020
13574192020 WCU002 30 13574192057
13575204346 NMF001 180 13575204704
13575204715 CHU002 10 13575204830
13575204841 NMF001 180 13575205153
13576111548 NMF001 12 13576111903
13576111915 CHU002 10 13576112029
13576112041 NMF001 12 13576112350
13576160234 CAU002 06 13576160320
13576160331 CAU002 06 13576160409
13576160420 CAU002 04 13576160447
13578100005 NFT001 30 13578100119
13578100119 YFU002 30 13578100304
13578100304 UFU005 15 13578100418
13578100418 UFU006 15 13578100531
13578100531 YFU001 04 13578100643
13578100643 WFU007 30 13578100728
13578100728 WFU008 30 13578100813
13578143536 NMF001 12 13578143852
13578143903 CHU002 10 13578144018
13578144029 NMF001 12 13578144338
13578173240 LAU002 30 13578173354
13578173426 LAU003 30 13578173539
13578173611 YCU002 30 13578173725
13578173756 YCU003 60 13578173909
13578173941 YCU004 60 13578174054
13578174125 LCU008 30 13578174239
13578174310 LCU009 30 13578174422
13578174422 LFU009 30 13578174506
13578174506 LFU010 30 13578174549
13578174549 LFC001 30 13578174628
13578174628 LFC002 30 13578174707
13578174707 LFU011 30 13578174745
13578175312 NMF001 12 13578175627
13578175639 CHU002 10 13578175753
13578175804 BMF001 12 13578180020
13578180020 NMF001 08 13578180229
13579141015 NMF001 12 13579141331
13579141342 CHU002 10 13579141457
13579141508 BMF001 12 13579141723
13579141723 NMF001 08 13579141932
13580103528 NFT001 30 13580103642
13580103642 YFU002 30 13580103828
13580103828 UFU005 15 13580103942
13580103942 UFU006 15 13580104055
13580104055 YFU001 04 13580104207
13580104207 WFU007 30 13580104252
13580104252 WFU008 30 13580104337
13580135756 LFC005 30 13580135836
13580135836 LFC006 30 13580135916
13580135916 LFC008 30 13580135957
13580135957 LFC009 30 13580140038
13580140038 CFC001 30 13580140118
13580140118 BFC001 10 13580140159
13580140159 SHC001 10 13580140240
13584160911 LCU007 20 13584161046
13584161102 LCU007 20 13584161229
13584161245 LCU007 20 13584161412
13584161412 LFU003 30 13584161455
13584161455 LFU004 30 13584161537
13585093302 NFT001 30 13585093416
13585093416 YFU002 30 13585093602
13585093602 UFU005 15 13585093715
13585093715 UFU006 15 13585093829
13585093829 YFU001 04 13585093941
13585093941 WFU007 30 13585094026
13585094026 WFU008 30 13585094111
13585141455 NMF001 12 13585141811
13585141823 BHU002 10 13585141937
13585141948 BMF001 12 13585142204
13585142204 NMF001 08 13585142413
13586103151 NFT001 30 13586103305
13586103305 YFU002 30 13586103451
13586103451 UFU005 15 13586103604
13586103604 UFU006 15 13586103718
13586103718 YFU001 04 13586103831
13586103831 WFU007 30 13586103915
13586103915 WFU008 30 13586104000
13586142915 LCU007 20 13586143050
13586143106 LCU007 20 13586143233
13586143249 LCU007 20 13586143417
13586143417 LFU003 30 13586143459
13586143459 LFU004 30 13586143542
13589172134 NMF001 12 13589172449
13589172501 BHU002 10 13589172615
13589172626 BMF001 12 13589172842
13589172842 NMF001 08 13589173051
13589173939 LCU004 15 13589174053
13589174059 LCU004 15 13589174207
13589174213 LCU004 15 13589174320
13589174327 LFU003 30 13589174409
13589174409 LFU004 30 13589174451
13589175524 LCU007 20 13589175659
13589175715 LCU007 20 13589175842
13589175858 LCU007 20 13589180026
13589180026 LFU003 30 13589180108
13589180108 LFU004 30 13589180151
13589201602 CAU002 12 13589201726
13589201737 CAU002 12 13589201845
13589201856 CAU002 06 13589201933
13589203033 CAU002 10 13589203156
13589203207 CAU002 10 13589203315
13589203326 CAU002 05 13589203403
13589203454 CFU001 30 13589203536
13589203536 CFU002 30 13589203618
13589213953 NRC001 08 13589214035
13589214035 NRC002 08 13589214116
13589214116 NFC001 20 13589214149
13589214149 NFC002 20 13589214221
13589214221 NFC003 20 13589214251
13589214251 NFC004 20 13589214321
13589214321 NFC005 20 13589214351
13589214351 NFC006 20 13589214421
13589214421 CFC001 30 13589214502
13589215206 NFU001 30 13589215247
13589215247 BFM001 60 13589215402
13589215402 CFU001 30 13589215443
13589215443 CFU002 30 13589215525
13589215525 UFU003 30 13589215607
13589215607 UFU004 30 13589215649
13589215649 BFU001 30 13589215732
13589215732 WFU005 30 13589215816
13589215816 WFU006 30 13589215900
13589215900 BFU002 30 13589215945
13589215945 NFC001 30 13589220029
13589220029 NFC002 30 13589220112
13589220112 LFC005 30 13589220152
13589220152 LFC006 30 13589220232
13589220232 LFM003 30 13589220314
13589220314 LFM004 30 13589220356
13589220356 LFU003 30 13589220439
13589220439 LFU004 30 13589220522
13589220522 LFM007 30 13589220605
13589220605 LFM008 30 13589220649
13589220649 LFM001 30 13589220735
13589220735 LFM009 20 13589220852
13589220852 LFM005 60 13589221005
13589221005 AFM001 60 13589221115
13590095840 NFT001 30 13590095954
13590095954 YFU002 30 13590100140
13590100140 UFU005 15 13590100253
13590100253 UFU006 15 13590100407
13590100407 YFU001 04 13590100519
13590100519 WFU007 30 13590100604
13590100604 WFU008 30 13590100649
13590111534 NRC001 08 13590111615
13590111615 NRC002 08 13590111657
13590111657 NFC001 20 13590111730
13590111730 NFC002 20 13590111802
13590111802 NFC003 20 13590111832
13590111832 NFC004 20 13590111902
13590111902 NFC005 20 13590111932
13590111932 NFC006 20 13590112002
13590112002 CFC001 30 13590112042
13590143948 LCU004 15 13590144103
13590144109 LCU004 15 13590144216
13590144223 LCU004 15 13590144330
13590144336 LFU013 30 13590144426
13590144426 LFU014 30 13590144516
13590144516 LFU003 30 13590144559
13590144559 LFU004 30 13590144642
13590145420 CAU002 10 13590145544
13590145555 CAU002 10 13590145703
13590145714 CAU002 05 13590145752
13590145803 CFU001 30 13590145846
13590145846 CFU002 30 13590145928
13590162137 NMF001 12 13590162454
13590162505 BHU002 10 13590162620
13590162631 BMF001 12 13590162848
13590162848 NMF001 08 13590163057
13591104405 NFT001 30 13591104520
13591104520 YFU002 30 13591104706
13591104706 UFU005 15 13591104820
13591104820 UFU006 15 13591104935
13591104935 YFU001 04 13591105048
13591105048 WFU007 30 13591105134
13591105134 WFU008 30 13591105219
13591105219 BHU002 30 13591105535
13591105535 BFU002 30 13591105622
13592153252 NMF001 12 13592153609
13592153620 BHU002 10 13592153735
13592153746 BMF001 12 13592154003
13592154003 NMF001 08 13592154212
13594104355 NFT001 30 13594104510
13594104510 YFU002 30 13594104657
13594104657 UFU005 15 13594104812
13594104812 UFU006 15 13594104926
13594104926 YFU001 04 13594105040
13594105040 WFU007 30 13594105126
13594105126 WFU008 30 13594105211
13594105211 BHU002 10 13594105327
13594105327 BFU002 30 13594105413
13594105537 LCU007 20 13594105713
13594105729 LCU007 20 13594105857
13594105913 LCU007 20 13594110040
13594110040 LFU003 30 13594110124
13594110124 LFU004 30 13594110207
13594144843 LCU004 15 13594144958
13594145004 LCU004 15 13594145112
13594145118 LCU004 15 13594145226
13594145226 LFU013 30 13594145317
13594145317 LFU014 30 13594145408
13594145414 LFU003 30 13594145457
13594145457 LFU004 30 13594145540
13597092548 NFT001 30 13597092703
13597092703 YFU002 30 13597092849
13597092849 UFU005 15 13597093003
13597093003 UFU006 15 13597093118
13597093118 YFU001 04 13597093231
13597093231 WFU007 30 13597093317
13597093317 WFU008 30 13597093402
13597093402 BHU002 10 13597093518
13597093518 BFU002 30 13597093604
13598101058 NFT001 30 13598101213
13598101213 YFU002 30 13598101400
13598101400 UFU005 15 13598101514
13598101514 UFU006 15 13598101628
13598101628 YFU001 04 13598101742
13598101742 WFU007 30 13598101827
13598101827 WFU008 30 13598101913
13598101913 BHU002 10 13598102028
13598102028 BFU002 30 13598102115
13599105032 NFT001 30 13599105147
13599105147 YFU002 30 13599105334
13599105334 UFU005 15 13599105448
13599105448 UFU006 15 13599105602
13599105602 YFU001 04 13599105716
13599105716 WFU007 30 13599105801
13599105801 WFU008 30 13599105847
13599105847 BHU002 10 13599110002
13599110002 BFU002 30 13599110049
13601100418 NFT001 30 13601100533
13601100533 YFU002 30 13601100719
13601100719 UFU005 15 13601100834
13601100834 UFU006 15 13601100948
13601100948 YFU001 04 13601101101
13601101101 WFU007 30 13601101147
13601101147 WFU008 30 13601101232
13601101232 BHU002 10 13601101348
13601101348 BFU002 30 13601101434
13604160508 LCU004 15 13604160623
13604160629 LCU004 15 13604160737
13604160743 LCU004 15 13604160851
13604160851 LFU013 30 13604160942
13604160942 LFU014 30 13604161032
13604161039 LFU003 30 13604161122
13604161122 LFU004 30 13604161205
13604174628 LAU002 30 13604174749
13604174820 LAU003 30 13604174935
13604175006 YCU002 30 13604175121
13604175153 YCU003 60 13604175309
13604175340 YCU004 60 13604175459
13604175530 LCU008 30 13604175704
13604175735 LCU009 30 13604175849
13604175849 LFU009 30 13604175933
13604175933 LFU010 30 13604180018
13604180018 LFC001 30 13604180058
13604180058 LFC002 30 13604180141
13604180141 LFU011 30 13604180220
13604181605 EMU001 30 13604181644
13604181644 EMU002 30 13604181723
13604181723 EMU003 30 13604181802
13604181802 EMU004 15 13604181856
13604181856 ERU001 30 13604181934
